0
41
66
26
22
64
64
52
70
17
69
33
45
55
61
72
95
59
62
60
7
49
60
59
34
33
98
58
85
59
71
66
78
41
40
101
37
37
51
44
25
87
31
60
55
80
43
68
62
90
41
0
65
63
24
29
25
49
37
58
71
9
69
22
69
73
79
34
68
69
46
8
20
18
39
10
71
54
52
19
83
54
79
20
6
72
61
42
68
3
29
74
12
78
25
44
55
26
78
94
66
65
0
61
72
55
86
16
52
67
7
65
41
87
13
9
36
38
11
16
63
64
79
75
33
59
54
11
57
65
26
18
15
82
59
59
39
29
28
64
45
27
57
31
90
63
26
73
30
30
26
63
61
0
47
79
87
52
84
12
62
56
26
80
52
65
95
69
54
49
19
69
83
81
38
54
105
58
97
79
56
69
69
67
60
109
23
39
37
65
37
87
51
44
80
95
35
88
45
78
22
24
72
47
0
52
43
56
59
39
77
15
62
34
71
80
95
52
72
70
28
32
40
41
40
19
92
62
74
43
83
67
86
19
26
94
54
43
65
27
27
88
19
75
33
67
54
50
76
100
64
29
55
79
52
0
36
43
8
77
62
37
76
43
64
63
57
17
62
65
67
22
31
26
44
33
43
44
23
14
78
38
68
47
26
44
68
45
70
26
42
54
34
78
48
16
58
20
78
83
64
25
86
87
43
36
0
71
44
81
93
32
94
12
92
94
93
50
91
92
70
22
6
11
63
34
78
74
55
23
106
72
100
26
30
77
86
66
93
24
54
89
37
102
16
44
80
19
102
115
52
49
16
52
56
43
71
0
43
56
22
50
37
72
21
24
44
27
19
21
50
49
65
61
18
44
55
6
51
51
35
17
30
66
43
59
32
15
28
49
30
36
41
35
75
55
19
61
35
45
70
37
52
84
59
8
44
43
0
83
60
45
78
51
63
60
50
16
61
64
73
30
38
33
47
41
35
43
15
22
77
35
65
56
34
35
71
48
71
35
47
48
41
78
56
12
60
26
78
80
17
58
67
12
39
77
81
56
83
0
69
49
36
72
60
72
100
70
61
57
11
65
76
76
40
48
108
62
96
75
66
72
77
58
56
111
32
42
46
60
36
92
46
54
72
94
42
83
55
87
69
71
7
62
77
62
93
22
60
69
0
72
39
93
10
3
39
45
8
13
66
71
86
82
37
65
59
18
64
72
19
25
9
88
65
64
39
34
26
70
50
30
63
27
97
70
28
81
25
23
33
9
65
56
15
37
32
50
45
49
72
0
64
25
68
74
84
40
67
67
38
17
27
27
36
6
78
55
60
29
81
57
80
17
11
80
56
40
65
12
25
78
9
75
27
53
52
36
75
95
45
69
41
26
62
76
94
37
78
36
39
64
0
90
29
42
76
62
31
26
39
73
88
86
32
60
91
41
88
79
31
53
45
79
65
96
8
31
13
70
40
67
57
18
91
90
19
89
20
52
55
22
87
80
34
43
12
72
51
72
93
25
90
0
91
95
98
54
90
91
61
24
14
18
61
30
86
76
64
29
105
75
101
15
28
85
81
64
90
23
50
94
33
99
5
53
77
29
100
116
61
69
13
52
71
64
92
21
63
60
10
68
29
91
0
13
48
47
2
3
58
69
85
81
32
62
67
20
69
72
15
30
17
84
63
72
29
28
16
68
45
39
59
18
94
74
19
81
17
29
72
73
9
65
80
63
94
24
60
72
3
74
42
95
13
0
36
46
11
16
69
73
88
84
40
68
58
20
64
73
20
25
6
91
67
63
42
37
29
73
53
28
65
29
99
70
31
82
28
21
95
79
36
95
95
57
93
44
50
100
39
84
76
98
48
36
0
45
46
51
94
75
87
82
62
78
27
38
44
70
56
29
36
99
74
33
74
59
64
78
71
9
77
65
103
55
61
76
64
45
59
34
38
69
52
17
50
27
16
70
45
40
62
54
47
46
45
0
46
48
60
30
44
39
32
34
40
28
27
28
62
22
52
54
29
43
55
32
54
33
34
40
33
62
58
28
43
36
62
67
62
68
11
54
72
62
91
19
61
61
8
67
31
90
2
11
46
46
0
5
59
69
84
80
32
61
65
18
67
71
16
28
16
84
62
70
31
28
18
68
45
37
59
20
93
72
20
80
19
28
60
69
16
49
70
65
92
21
64
57
13
67
26
91
3
16
51
48
5
0
55
70
85
82
31
61
69
22
71
73
14
32
20
84
63
75
26
27
13
68
43
42
58
15
94
75
17
82
14
30
7
46
63
19
28
67
70
50
73
11
66
38
39
61
58
69
94
60
59
55
0
54
65
65
33
37
99
57
87
64
66
66
74
48
45
102
32
35
46
48
26
86
35
55
61
83
39
72
56
86
49
8
64
69
32
22
22
49
30
65
71
17
73
24
69
73
75
30
69
70
54
0
16
13
41
16
65
53
44
11
84
51
78
26
9
65
65
44
71
6
33
71
19
80
28
36
58
19
80
94
60
20
79
83
40
31
6
65
38
76
86
27
88
14
85
88
87
44
84
85
65
16
0
5
57
29
73
68
50
17
100
66
94
25
24
72
80
60
86
19
48
83
32
96
19
40
74
15
96
109
59
18
75
81
41
26
11
61
33
76
82
27
86
18
81
84
82
39
80
82
65
13
5
0
54
28
68
64
46
12
96
61
89
28
21
67
78
57
83
17
46
79
30
93
23
35
71
11
93
105
34
39
33
38
40
44
63
18
47
40
37
36
32
61
32
40
62
32
32
31
33
41
57
54
0
31
68
24
59
47
45
33
46
53
33
72
25
4
29
39
13
54
28
39
63
59
17
57
40
60
33
10
59
54
19
33
34
44
41
48
65
6
60
30
62
68
78
34
61
61
37
16
29
28
31
0
73
49
56
27
75
51
74
23
8
75
52
34
60
11
20
72
3
70
32
49
47
35
70
89
98
71
54
105
92
43
78
55
35
108
59
78
91
86
67
58
27
40
65
69
99
65
73
68
68
73
0
50
23
57
78
38
60
91
67
6
87
67
80
69
74
32
73
85
91
35
74
59
84
71
58
54
11
58
62
44
74
6
43
62
18
55
41
76
20
20
38
28
18
22
57
53
68
64
24
49
50
0
49
54
34
12
26
71
48
55
37
21
31
53
36
30
46
36
79
54
24
63
36
41
85
52
57
97
74
23
55
51
15
96
64
60
88
64
69
64
44
27
67
71
87
44
50
46
59
56
23
49
0
35
82
39
67
70
48
22
82
59
79
49
61
45
56
86
69
12
69
36
85
81
59
19
65
79
43
14
23
51
22
75
72
29
79
29
72
73
70
28
71
73
64
11
17
12
47
27
57
54
35
0
87
50
79
35
19
57
72
49
76
17
41
67
29
84
34
25
63
10
85
94
71
83
26
56
83
78
106
35
77
66
19
81
31
105
15
20
56
62
16
14
66
84
100
96
45
75
78
34
82
87
0
43
20
97
77
84
34
41
20
82
57
48
72
13
108
88
29
96
11
22
66
54
18
69
67
38
72
17
35
72
25
57
53
75
30
25
29
22
28
32
66
51
66
61
33
51
38
12
39
50
43
0
30
73
48
43
49
31
42
53
42
21
49
47
79
45
35
58
47
45
78
79
15
69
86
68
100
30
65
77
9
80
45
101
17
6
36
52
16
20
74
78
94
89
46
74
60
26
67
79
20
30
0
96
73
65
46
42
33
78
59
29
71
31
105
75
36
87
29
15
41
20
82
67
19
47
26
66
56
58
88
17
79
15
84
91
99
54
84
84
48
26
25
28
53
23
91
71
70
35
97
73
96
0
25
91
71
56
81
22
40
94
25
90
14
61
68
39
91
111
40
6
59
60
26
26
30
43
34
56
65
11
65
28
63
67
74
29
62
63
45
9
24
21
33
8
67
48
48
19
77
48
73
25
0
68
56
36
63
5
25
69
10
72
31
41
50
28
73
88
101
72
59
109
94
44
77
59
35
111
64
80
96
85
72
63
33
43
70
75
102
65
72
67
72
75
6
55
22
57
84
43
65
91
68
0
92
71
85
70
77
38
75
90
90
33
78
58
89
76
37
61
39
23
54
68
86
32
71
32
39
56
8
81
29
42
74
55
31
26
32
65
80
78
25
52
87
37
82
72
34
49
46
71
56
92
0
24
15
62
32
65
49
23
83
83
14
82
25
55
37
42
29
39
43
45
66
15
48
42
34
40
31
64
28
37
59
32
28
27
35
44
60
57
4
34
67
21
59
49
41
31
42
56
36
71
24
0
27
42
16
51
31
36
66
59
14
59
37
56
51
68
28
37
65
70
93
28
71
46
26
65
13
90
16
29
64
54
18
13
46
71
86
83
29
60
80
31
79
76
20
42
33
81
63
85
15
27
0
68
40
55
57
10
92
82
13
85
11
41
44
3
64
65
27
26
24
49
35
60
70
12
70
23
68
73
78
33
68
68
48
6
19
17
39
11
69
53
49
17
82
53
78
22
5
70
62
42
68
0
30
73
14
78
26
41
56
24
78
94
25
29
45
37
27
42
54
30
47
36
50
25
40
50
45
53
71
34
45
43
26
33
48
46
13
20
74
36
61
41
57
42
59
40
25
77
32
16
40
30
0
64
17
50
52
58
28
51
51
72
87
74
27
87
88
54
89
36
48
92
30
78
67
94
39
28
9
40
37
42
86
71
83
79
54
72
32
30
45
67
48
21
29
94
69
38
65
51
55
73
64
0
70
57
98
55
52
73
55
39
31
12
57
51
19
34
37
41
41
46
63
9
57
33
59
65
77
33
59
58
35
19
32
30
28
3
73
46
56
29
72
49
71
25
10
75
49
31
57
14
17
70
0
66
35
50
44
37
67
86
60
78
31
44
75
78
102
35
78
54
27
75
18
99
18
29
65
62
20
15
55
80
96
93
39
70
85
36
86
84
13
47
31
90
72
90
23
36
10
78
50
57
66
0
102
90
22
94
2
35
55
25
90
80
33
48
16
75
56
72
97
27
91
5
94
99
103
58
93
94
61
28
19
23
63
32
91
79
69
34
108
79
105
14
31
90
83
66
92
26
52
98
35
102
0
58
80
34
103
120
80
44
63
95
67
16
44
55
12
94
70
53
90
53
74
70
55
28
72
75
83
36
40
35
59
49
35
54
12
25
88
45
75
61
41
33
83
59
82
41
58
55
50
90
58
0
71
25
89
89
43
55
26
35
54
58
80
19
60
42
28
52
19
77
19
31
61
43
20
17
39
58
74
71
17
47
74
24
69
63
29
35
36
68
50
78
14
14
13
56
28
52
44
22
80
71
0
73
23
47
68
26
73
88
50
20
19
61
26
83
81
36
89
29
81
82
76
36
80
82
72
19
15
11
57
35
59
63
36
10
96
58
87
39
28
58
82
59
85
24
51
73
37
94
34
25
73
0
94
103
62
78
30
45
76
78
102
35
78
55
25
75
20
100
17
28
64
62
19
14
56
80
96
93
40
70
84
36
85
85
11
47
29
91
73
89
25
37
11
78
51
55
67
2
103
89
23
94
0
33
90
94
30
78
100
83
115
45
80
87
23
95
52
116
29
21
45
67
28
30
86
94
109
105
60
89
71
41
81
94
22
45
15
111
88
76
55
56
41
94
72
39
86
35
120
89
47
103
33
0
